   2.0966034e-01   3.5789474e-01
   6.7814464e-02   0.0000000e+00
   1.0981164e-01   1.0526316e-01
   1.0208312e-01   6.3157895e-02
   1.8778618e-01   1.5789474e-01
   2.8562704e-01   1.8421053e-01
   9.9109211e-02   7.3684211e-02
   5.3543533e-02   5.2631579e-03
   9.2641819e-02   2.6315789e-02
   1.4968798e-01   2.1578947e-01
   8.1653576e-02   4.7368421e-02
   3.4231689e-01   3.3684211e-01
   6.9793903e-02   1.5789474e-02
   1.3223948e-01   1.3157895e-01
   7.4353329e-02   2.1052632e-02
   9.8173435e-02   8.9473684e-02
   5.9330691e-02   3.1578947e-02
   5.1806741e-02   5.2631579e-03
   9.5688495e-02   3.6842105e-02
   2.4737906e-01   2.1578947e-01
   4.6242008e-02   2.1052632e-02
   9.0864657e-02   6.3157895e-02
   8.3753111e-02   2.6315789e-02
   2.0492064e-01   2.9473684e-01
   8.2197325e-02   2.6315789e-02
   1.0465800e-01   4.2105263e-02
   1.5087238e-01   1.6315789e-01
   6.8584616e-02   0.0000000e+00
   4.3711241e-02   0.0000000e+00
   6.0008632e-02   0.0000000e+00
   4.0173381e-01   7.0526316e-01
   8.6645000e-02   0.0000000e+00
   1.3175590e-01   1.1578947e-01
   7.1420953e-02   3.1578947e-02
   7.7276574e-02   2.6315789e-02
   1.3349185e-01   6.3157895e-02
   1.6062419e-01   2.2105263e-01
   1.1247486e-01   1.1578947e-01
   1.0441605e-01   4.7368421e-02
   8.3892500e-02   2.1052632e-02
   3.1183918e-01   4.8947368e-01
   6.1009527e-02   3.6842105e-02
   4.0593476e-01   6.2105263e-01
   1.2542681e-01   1.1578947e-01
   8.7029252e-02   6.3157895e-02
   8.3642470e-02   1.0526316e-02
   6.7039195e-02   0.0000000e+00
   1.6764518e-01   2.1052632e-01
   6.5817437e-02   5.2631579e-03
   6.1017285e-02   0.0000000e+00
   3.6542026e-01   5.3684211e-01
   1.4287616e-01   1.6842105e-01
   9.4242380e-02   2.1052632e-02
   1.3892829e-01   1.2105263e-01
   5.8598569e-02   0.0000000e+00
   8.4183024e-02   2.6315789e-02
   1.0675071e-01   4.7368421e-02
   1.0885028e-01   1.3157895e-01
   9.4143919e-02   5.7894737e-02
   7.6172533e-02   0.0000000e+00
   2.1129331e-01   3.0000000e-01
   1.0112624e-01   3.6842105e-02
   1.3414586e-01   1.4736842e-01
   1.7112785e-01   3.6315789e-01
   1.5374417e-01   2.0000000e-01
   1.6016865e-01   1.2631579e-01
   5.7943625e-02   1.5789474e-02
   5.7850026e-02   0.0000000e+00
   1.0516962e-01   8.9473684e-02
   5.7811623e-02   0.0000000e+00
   6.7390102e-02   1.0526316e-02
   1.0756345e-01   5.2631579e-02
   8.1510864e-02   2.1052632e-02
   4.3272112e-01   4.6842105e-01
   2.8471719e-01   3.4736842e-01
   9.9297113e-02   3.6842105e-02
   7.6818155e-02   1.5789474e-02
   1.1069590e-01   6.8421053e-02
   2.7816365e-01   2.1578947e-01
   7.8852442e-02   3.1578947e-02
   1.2284608e-01   1.0526316e-01
   4.7381416e-02   0.0000000e+00
   1.3702316e-01   1.3157895e-01
   6.4200032e-02   3.6842105e-02
   1.9995562e-01   3.8421053e-01
   1.4003144e-01   1.9473684e-01
   5.6595891e-02   4.2105263e-02
   9.3911701e-02   4.2105263e-02
   8.9390971e-02   4.7368421e-02
   6.3403282e-02   5.2631579e-03
   1.0002091e-01   5.2631579e-02
   6.2795282e-02   1.5789474e-02
   5.9237725e-02   5.2631579e-03
   6.9268313e-02   1.0526316e-02
   8.3955362e-02   5.2631579e-03
   4.2718945e-02   5.2631579e-03
   7.1612371e-02   5.2631579e-03
   9.0813269e-02   5.2631579e-02
   1.7413466e-01   3.2631579e-01
   1.2594630e-01   7.8947368e-02
   6.6658193e-02   3.1578947e-02
   7.0356881e-02   0.0000000e+00
   4.0421807e-02   5.2631579e-03
   5.9217598e-02   0.0000000e+00
   9.9059783e-02   3.6842105e-02
   5.1051363e-02   0.0000000e+00
   7.0331247e-02   1.0526316e-02
   1.5817360e-01   2.3684211e-01
   1.3247332e-01   1.1578947e-01
   6.3571430e-02   0.0000000e+00
   1.2504364e-01   1.4210526e-01
   1.1811022e-01   7.8947368e-02
   1.2003155e-01   1.0526316e-01
   6.8707742e-02   1.0526316e-02
   7.2531373e-02   1.5789474e-02
   4.7730610e-02   0.0000000e+00
   9.1174619e-02   1.5789474e-02
   7.9024684e-02   2.6315789e-02
   8.5681305e-02   3.6842105e-02
   7.2652545e-02   3.1578947e-02
   7.2632868e-02   2.6315789e-02
   1.0083388e-01   3.6842105e-02
   5.9750832e-02   0.0000000e+00
   8.9919165e-02   3.1578947e-02
   4.8815421e-02   5.2631579e-03
   4.8069828e-02   0.0000000e+00
   6.3473425e-02   1.5789474e-02
   4.9328720e-02   0.0000000e+00
   9.7536818e-02   4.7368421e-02
   1.1062710e-01   7.8947368e-02
   9.4485403e-02   6.8421053e-02
   6.3595894e-02   1.5789474e-02
   5.0346047e-02   0.0000000e+00
   9.5681886e-02   5.2631579e-02
   5.8753605e-02   0.0000000e+00
   2.9149222e-01   3.3157895e-01
   1.1049465e-01   1.0526316e-02
   1.6396192e-01   1.8947368e-01
   8.8751914e-02   1.5789474e-02
   1.2834192e-01   1.4736842e-01
   8.3201570e-02   1.5789474e-02
   1.7985894e-01   2.2631579e-01
   1.9551172e-01   2.0000000e-01
   2.5011480e-01   3.1052632e-01
   6.6474688e-02   3.1578947e-02
   7.1121354e-02   1.0526316e-02
   1.2451960e-01   1.1052632e-01
   1.3232959e+00   9.7894737e-01
   1.0992070e-01   8.4210526e-02
   7.4549751e-02   2.1052632e-02
   7.5593000e-02   1.5789474e-02
   1.2033822e-01   8.9473684e-02
   1.4266211e-01   1.7368421e-01
   1.1941610e-01   8.4210526e-02
   1.3970763e-01   1.2105263e-01
   6.1694746e-02   2.1052632e-02
   6.6041631e-02   0.0000000e+00
   8.2471678e-02   2.6315789e-02
   6.1012337e-02   1.0526316e-02
   2.1281073e-01   4.8947368e-01
   1.6821380e-01   2.3157895e-01
   6.1434534e-02   0.0000000e+00
   1.4015875e-01   1.6315789e-01
   1.1765576e-01   1.0526316e-01
   5.2902220e-02   2.1052632e-02
   3.4358291e-01   3.8421053e-01
   1.3980168e-01   1.3157895e-01
   3.2967010e-01   3.7368421e-01
   7.8755645e-02   3.6842105e-02
   1.9009488e-01   3.4210526e-01
   2.2129783e-01   3.2105263e-01
   1.9952696e-01   2.3157895e-01
   1.1935683e-01   1.7368421e-01
   1.3911745e-01   1.5263158e-01
   7.5128659e-02   5.2631579e-03
   9.6483990e-02   5.2631579e-03
   9.6836263e-02   6.3157895e-02
   5.9612496e-02   2.1052632e-02
   7.4344176e-02   1.0526316e-02
   1.0266111e-01   2.6315789e-02
   5.4674603e-02   0.0000000e+00
   8.3263070e-02   2.1052632e-02
   2.6627666e-01   6.3684211e-01
   5.9470906e-02   1.5789474e-02
   7.9596217e-02   4.2105263e-02
   6.7630164e-02   2.6315789e-02
   8.7423361e-02   0.0000000e+00
   1.1392640e-01   1.2105263e-01
   9.0449163e-02   2.1052632e-02
   1.7492610e-01   1.2631579e-01
   1.7837295e-01   1.8421053e-01
   7.0941367e-02   2.6315789e-02
   1.4061109e-01   1.3684211e-01
   7.4729328e-02   1.5789474e-02
   1.5297435e-01   2.4736842e-01
   1.0726753e-01   1.1052632e-01
   5.2248694e-01   9.0000000e-01
   1.0208496e-01   5.7894737e-02
   7.0031704e-02   4.2105263e-02
   8.2349150e-02   1.5789474e-02
   8.8214671e-02   1.5789474e-02
   5.8415692e-02   5.2631579e-03
   1.0640324e-01   5.7894737e-02
   2.1462318e-01   2.8947368e-01
   1.1328721e-01   1.0000000e-01
   1.3289758e-01   2.2105263e-01
   1.2547757e-01   1.0526316e-01
   7.5643376e-02   1.5789474e-02
   1.6665597e-01   2.0526316e-01
   1.0821603e-01   6.3157895e-02
   8.8713789e-02   1.5789474e-02
   2.3662855e-01   3.6842105e-01
   8.8183734e-02   3.1578947e-02
   1.5079458e-01   1.4736842e-01
   6.2810976e-02   5.2631579e-03
   1.8213734e-01   1.7368421e-01
   6.5830211e-02   3.1578947e-02
   6.9364823e-02   5.2631579e-03
   1.6133096e-01   2.3157895e-01
   5.8496987e-02   0.0000000e+00
   9.7406846e-02   2.1052632e-02
   1.2756720e-01   1.1578947e-01
   9.5334214e-02   3.1578947e-02
   1.5283419e-01   1.5789474e-01
   1.3929864e-01   1.4210526e-01
   1.2311854e-01   7.3684211e-02
   8.2069787e-02   3.1578947e-02
   8.7853923e-02   4.7368421e-02
   1.0715096e-01   4.7368421e-02
   1.9930909e-01   3.9473684e-01
   9.6334074e-02   5.2631579e-02
   8.7530044e-02   3.1578947e-02
   6.8861428e-01   4.7368421e-01
   8.0370334e-02   3.6842105e-02
   4.2383570e-02   0.0000000e+00
   1.5765542e-01   2.1052632e-01
   1.4861279e-01   1.5263158e-01
   1.0212664e-01   9.4736842e-02
   1.8482859e-01   3.8947368e-01
   4.2030606e-01   5.6842105e-01
   6.1226666e-02   0.0000000e+00
   7.8609898e-02   3.1578947e-02
   1.6560735e-01   2.8947368e-01
   5.8833003e-01   8.7894737e-01
   8.1946735e-02   1.0526316e-02
   1.1265183e-01   8.4210526e-02
   7.0052053e-02   2.1052632e-02
   9.1688358e-02   2.1052632e-02
   9.9238219e-02   5.7894737e-02
   1.9329157e-01   3.0526316e-01
   2.5670369e-01   4.8947368e-01
   9.4663189e-02   7.3684211e-02
   1.4636757e-01   1.7368421e-01
   1.0967274e-01   7.3684211e-02
   1.5918746e-01   2.4210526e-01
   6.7403641e-02   0.0000000e+00
   1.0696311e-01   4.2105263e-02
   2.9029480e-01   4.2631579e-01
   7.8415400e-02   1.0526316e-02
   1.0139881e-01   6.8421053e-02
   8.6518078e-02   2.6315789e-02
   6.4128026e-02   5.2631579e-03
   1.0830058e-01   5.2631579e-02
   9.8947617e-02   8.4210526e-02
   8.4328870e-02   5.2631579e-02
   1.2217885e-01   6.8421053e-02
   5.5413742e-02   5.2631579e-03
   1.3421689e-01   1.3684211e-01
   2.6347814e-01   3.6315789e-01
   8.1851910e-02   1.0526316e-02
   8.2896423e-02   5.7894737e-02
   1.5072225e-01   2.2631579e-01
   7.0091710e-02   1.0526316e-02
   5.7141084e-02   5.2631579e-03
   7.2275866e-02   2.1052632e-02
   1.7567455e-01   2.1052632e-01
   7.6215355e-02   1.5789474e-02
   4.3816017e-02   5.2631579e-03
   9.3333680e-02   6.8421053e-02
   1.3644478e-01   1.5263158e-01
   2.2491234e-01   5.9473684e-01
   1.6282497e-01   2.2105263e-01
   2.0942751e-01   1.9473684e-01
   2.0393316e-01   4.3684211e-01
   6.8602767e-02   1.0526316e-02
   1.0333834e-01   7.8947368e-02
   9.9165530e-02   5.7894737e-02
   7.5866665e-02   2.1052632e-02
   1.0827236e-01   4.7368421e-02
   6.5813033e-02   0.0000000e+00
   2.4231579e-01   4.2631579e-01
   1.6177666e-01   5.2631579e-02
   2.7564107e-01   2.6842105e-01
   6.7161724e-02   0.0000000e+00
   1.3017642e-01   8.9473684e-02
   2.4382662e-01   5.7368421e-01
   1.1376350e-01   9.4736842e-02
   7.4847239e-02   5.2631579e-02
   6.0017058e-02   5.2631579e-03
   5.7015820e-02   2.6315789e-02
   6.2982873e-02   1.5789474e-02
   6.9090553e-02   1.0526316e-02
   6.2605846e-02   1.5789474e-02
   5.9699677e-02   0.0000000e+00
   1.2358343e-01   1.6842105e-01
   1.4919716e-01   1.4210526e-01
   1.9840504e-01   3.3684211e-01
   4.7695212e-02   5.2631579e-03
   8.8939800e-02   3.1578947e-02
   8.1112711e-02   3.1578947e-02
   1.0235506e-01   4.2105263e-02
   1.5499250e-01   9.4736842e-02
   6.4478313e-02   1.5789474e-02
   7.8061943e-02   2.1052632e-02
   1.0659530e-01   5.7894737e-02
   7.0066820e-02   2.6315789e-02
   1.6562307e-01   2.5263158e-01
   9.4793495e-02   9.4736842e-02
   3.4069130e-01   4.2631579e-01
   1.0414655e-01   8.9473684e-02
   7.2797312e-02   4.2105263e-02
   9.5521463e-02   3.6842105e-02
   4.9829584e-02   5.2631579e-03
   1.2325240e-01   1.3684211e-01
   3.9911442e-01   5.1578947e-01
   6.0276192e-02   1.0526316e-02
   6.9706056e-02   2.6315789e-02
   1.6676723e-01   2.5789474e-01
   1.0683941e-01   2.1052632e-02
   6.2276068e-02   5.2631579e-03
   1.1397528e-01   1.1578947e-01
   6.9556620e-02   1.0526316e-02
   1.1581923e-01   1.1578947e-01
   2.8297812e-01   4.0526316e-01
   8.8806807e-02   5.7894737e-02
   1.2168358e-01   1.3684211e-01
   7.8134629e-02   2.6315789e-02
   1.2342300e-01   1.2105263e-01
   4.9981782e-01   8.0526316e-01
   6.2759268e-02   1.0526316e-02
   5.7805026e-02   0.0000000e+00
   5.1374935e-02   1.0526316e-02
   5.5830856e-02   1.5789474e-02
   1.0101874e-01   4.7368421e-02
   3.5790604e-01   3.8421053e-01
   4.8733963e-02   0.0000000e+00
   8.1131527e-02   3.6842105e-02
   6.6865005e-02   3.6842105e-02
   1.8196466e-01   3.2105263e-01
   2.6012276e-01   3.2631579e-01
   1.6231396e-01   1.1578947e-01
   1.1103348e-01   8.9473684e-02
   7.6299798e-02   1.0526316e-02
   5.9042587e-02   0.0000000e+00
   1.3051349e-01   1.4736842e-01
   6.1914730e-01   7.4736842e-01
   8.6183294e-02   4.7368421e-02
   9.8071863e-01   6.4210526e-01
   1.3579809e-01   1.0000000e-01
   6.1361414e-02   0.0000000e+00
   1.0315286e-01   5.7894737e-02
   9.8580497e-02   4.2105263e-02
   5.9002662e-02   5.2631579e-03
   1.8296435e-01   2.0526316e-01
   7.1607679e-02   0.0000000e+00
   8.6758017e-02   4.7368421e-02
   1.1289716e-01   6.3157895e-02
   1.3233489e-01   1.6315789e-01
   1.4931068e-01   1.1578947e-01
   3.6745643e-01   7.0000000e-01
   6.7647807e-02   1.5789474e-02
   7.0464765e-02   2.6315789e-02
   4.9702098e-01   3.7894737e-01
   2.8049589e-01   6.3684211e-01
   9.8951191e-02   3.6842105e-02
   4.9857098e-02   0.0000000e+00
   1.9913413e-01   3.3684211e-01
   1.0320567e-01   6.8421053e-02
   1.1967055e-01   8.9473684e-02
   1.5317413e-01   1.6315789e-01
   1.5395792e-01   1.3684211e-01
   1.5386601e-01   1.4210526e-01
   4.1757141e-02   0.0000000e+00
   9.3667861e-02   7.8947368e-02
   9.8597137e-02   3.6842105e-02
   5.3569257e-02   5.2631579e-03
   8.5788489e-02   3.1578947e-02
   6.3962766e-02   1.5789474e-02
   7.9358462e-02   3.1578947e-02
   3.7157533e-02   0.0000000e+00
   3.3879161e-01   5.3157895e-01
   4.4705026e-02   0.0000000e+00
   6.6436418e-02   3.1578947e-02
   1.0312449e-01   7.3684211e-02
   1.1166458e-01   5.7894737e-02
   8.9286670e-02   6.3157895e-02
   9.5786965e-02   6.3157895e-02
   1.2482065e-01   1.0000000e-01
   6.5001914e-02   1.0526316e-02
   6.6197972e-02   4.2105263e-02
   7.7433540e-02   4.7368421e-02
   9.5449338e-02   5.7894737e-02
   1.1188241e-01   9.4736842e-02
   1.8217902e-01   3.2631579e-01
   1.1070482e-01   6.8421053e-02
   7.0636738e-02   2.1052632e-02
   7.3479604e-02   1.5789474e-02
   4.0711446e-02   0.0000000e+00
   2.2837857e-01   4.1052632e-01
   1.1175395e-01   1.0526316e-01
   1.9727150e-01   4.4210526e-01
   7.7257035e-02   1.5789474e-02
   1.0605884e-01   3.1578947e-02
   9.0072192e-02   2.6315789e-02
   6.7226919e-02   1.0526316e-02
   9.9803601e-02   4.7368421e-02
   2.6318117e-01   3.7894737e-01
   7.3421451e-02   2.1052632e-02
   2.0278391e-01   2.4210526e-01
   1.0606289e-01   7.8947368e-02
   1.3004636e-01   7.3684211e-02
   8.4900049e-02   5.2631579e-02
   7.4963147e-02   3.1578947e-02
   2.0580526e-01   3.7368421e-01
   1.2614538e-01   1.1052632e-01
   1.9069506e-01   3.5263158e-01
   8.5046108e-02   2.6315789e-02
   8.3786493e-02   2.6315789e-02
   9.9208682e-02   3.6842105e-02
   9.6987634e-02   4.2105263e-02
   1.3810559e-01   7.3684211e-02
   1.5452254e-01   1.0526316e-01
   4.6278007e-02   0.0000000e+00
   5.1606687e-01   7.8421053e-01
   5.0486982e-02   0.0000000e+00
   2.9509641e-01   7.2631579e-01
   1.2177068e-01   9.4736842e-02
   1.0869170e-01   1.0526316e-01
   9.5247298e-02   1.5789474e-02
   4.5022230e-02   0.0000000e+00
   1.1881464e-01   1.1578947e-01
   6.4356173e-02   1.5789474e-02
   1.1873078e-01   6.3157895e-02
   7.8684037e-02   1.5789474e-02
   9.5761714e-02   7.8947368e-02
   8.6577680e-02   2.1052632e-02
   7.1305437e-02   4.2105263e-02
   6.8463793e-02   5.2631579e-03
   9.7862652e-02   7.3684211e-02
   6.1622064e-02   1.5789474e-02
   8.4825792e-02   5.2631579e-02
   4.2052260e-01   8.8421053e-01
   1.0000207e-01   8.4210526e-02
   3.3548124e-01   4.1578947e-01
   9.6229368e-02   4.2105263e-02
   3.1900700e-01   6.8421053e-01
   1.0905427e-01   2.1052632e-02
   5.1372304e-02   0.0000000e+00
   4.4311979e-01   4.4736842e-01
   2.7636933e-01   5.8947368e-01
   6.5410700e-02   0.0000000e+00
   1.1388430e-01   8.9473684e-02
   4.6584782e-02   5.2631579e-03
   6.9517629e-02   1.5789474e-02
   2.4821792e-01   3.2105263e-01
   5.9715150e-02   0.0000000e+00
   5.1887321e-02   1.5789474e-02
   1.7373726e-01   2.8947368e-01
   8.3018527e-02   3.1578947e-02
   1.2531104e-01   1.2631579e-01
   3.8073819e-01   8.1578947e-01
   5.9088845e-02   1.0526316e-02
   1.2830149e-01   1.4736842e-01
   2.0160616e-01   4.0000000e-01
   5.5653685e-02   5.2631579e-03
   1.2052686e-01   1.2105263e-01
   1.2860954e-01   1.0526316e-01
   1.1244482e-01   7.8947368e-02
   1.1343399e-01   6.8421053e-02
   1.4668115e-01   1.4736842e-01
   9.9045190e-02   1.0000000e-01
   8.5210936e-02   5.2631579e-03
   5.0066013e-02   0.0000000e+00
   2.6847916e-01   4.3157895e-01
   6.0873190e-02   0.0000000e+00
   2.8646767e-01   6.5789474e-01
   1.1990941e-01   3.1578947e-02
   1.3170184e-01   1.4736842e-01
   6.0529091e-02   0.0000000e+00
   7.1260148e-02   5.2631579e-03
   2.0385893e-01   4.6842105e-01
   7.7285496e-02   0.0000000e+00
   1.1591936e-01   7.8947368e-02
   6.2510991e-02   5.2631579e-03
   1.7753666e-01   2.3157895e-01
   1.1158951e-01   9.4736842e-02
   1.6201327e-01   2.4736842e-01
   7.2645135e-02   1.0526316e-02
   8.3466439e-02   5.2631579e-03
   6.3108520e-02   2.1052632e-02
   1.0668944e-01   8.4210526e-02
   5.0039279e-02   0.0000000e+00
   3.0693040e-01   3.1052632e-01
   2.1474221e-01   2.9473684e-01
   2.1594051e-01   3.3684211e-01
   1.5219138e-01   1.7894737e-01
   9.3260603e-02   4.7368421e-02
   1.3551176e-01   1.2631579e-01
   2.0951108e-01   3.2631579e-01
   1.1831394e-01   1.0000000e-01
   5.0918276e-02   0.0000000e+00
   4.4227885e-02   5.2631579e-03
   1.3235771e-01   1.8947368e-01
   4.7200779e-02   5.2631579e-03
   1.8532120e-01   3.1578947e-01
   9.7707352e-02   2.1052632e-02
   9.1302302e-02   6.8421053e-02
   7.5541530e-02   0.0000000e+00
   7.6095829e-02   0.0000000e+00
   5.9274263e-02   0.0000000e+00
   1.7506642e-01   2.7368421e-01
   1.2823270e-01   1.1578947e-01
   1.1037104e-01   6.8421053e-02
   2.3700097e-01   3.3684211e-01
   8.2459367e-02   1.5789474e-02
   8.9793600e-02   3.6842105e-02
   1.4727761e-01   1.6315789e-01
   6.4326574e-02   2.1052632e-02
   6.5538812e-02   5.2631579e-03
   6.8622646e-02   4.7368421e-02
   1.3508691e-01   1.4210526e-01
   7.4044432e-02   0.0000000e+00
   2.4693699e-01   4.8421053e-01
   1.2103110e-01   1.1052632e-01
   2.1458376e-01   5.0000000e-01
   2.0279605e-01   2.6315789e-01
   1.4915749e-01   2.0000000e-01
   7.5389754e-02   1.5789474e-02
   4.7189832e-02   0.0000000e+00
   1.6135249e-01   2.1578947e-01
   8.0574380e-02   3.1578947e-02
   1.0837010e-01   1.1052632e-01
   9.7397108e-02   3.1578947e-02
   7.1964722e-01   4.3157895e-01
   1.2563700e-01   1.0000000e-01
   1.2575182e-01   6.8421053e-02
   4.8642629e-02   1.0526316e-02
   1.0963438e-01   5.7894737e-02
   1.1238156e-01   1.0000000e-01
   4.4158191e-01   4.1052632e-01
   4.2563379e-01   5.2631579e-01
   1.1000680e-01   5.7894737e-02
   2.6436336e-01   5.0000000e-01
   6.4610337e-02   2.6315789e-02
   1.0010855e-01   2.1052632e-02
   9.6842043e-02   5.2631579e-02
   8.6677609e-02   3.1578947e-02
   6.4919516e-02   5.2631579e-03
   7.6200477e-02   3.1578947e-02
   4.7701091e-01   5.4736842e-01
   6.5020935e-02   5.2631579e-03
   1.2393500e-01   8.4210526e-02
   6.1470568e-02   0.0000000e+00
   1.3473462e-01   1.5263158e-01
   8.8610922e-02   5.2631579e-03
   9.3644961e-02   2.6315789e-02
   1.1653985e-01   1.1578947e-01
   2.5082125e-01   3.3157895e-01
   2.3800938e-01   4.4736842e-01
   1.3162079e-01   1.3684211e-01
   3.9317033e-02   0.0000000e+00
   1.2364758e-01   1.2631579e-01
   9.7373267e-02   7.3684211e-02
   8.8415263e-02   1.5789474e-02
   1.7467146e-01   3.0526316e-01
   4.3751686e-02   0.0000000e+00
   2.5214841e-01   2.0526316e-01
   6.4922355e-02   0.0000000e+00
   1.1301124e-01   1.2631579e-01
   1.1587478e-01   7.8947368e-02
   7.6480198e-02   0.0000000e+00
   9.1069641e-02   6.3157895e-02
   1.2444095e-01   6.8421053e-02
   1.2150713e-01   1.2631579e-01
   1.2614474e-01   8.9473684e-02
   1.9536136e-01   3.8421053e-01
   6.6666328e-01   6.0000000e-01
   1.5436346e-01   2.5789474e-01
   1.5155661e-01   1.5263158e-01
   2.7307268e-01   2.9473684e-01
   9.9194947e-02   7.3684211e-02
   1.2741023e-01   8.4210526e-02
   1.1811617e-01   6.8421053e-02
   1.5223513e-01   6.8421053e-02
   6.3707976e-02   1.5789474e-02
   1.3146621e-01   8.9473684e-02
   1.5972060e-01   2.6842105e-01
   9.7031098e-02   2.1052632e-02
   1.2916716e-01   1.5263158e-01
   7.4397713e-02   0.0000000e+00
   3.2410347e-01   4.4736842e-01
   6.6697332e-02   5.2631579e-03
   7.9372282e-02   2.6315789e-02
   9.8567850e-02   3.1578947e-02
   6.7738808e-02   2.6315789e-02
   7.9323366e-02   1.5789474e-02
   8.8360517e-02   5.2631579e-02
   9.1050689e-02   5.2631579e-02
   8.9908757e-02   3.1578947e-02
   9.4291857e-02   3.6842105e-02
   2.1400854e-01   4.1052632e-01
   8.6972380e-02   2.1052632e-02
   1.6101355e-01   2.2105263e-01
   1.0106122e-01   2.1052632e-02
   6.9589735e-01   8.5789474e-01
   1.0045078e-01   3.6842105e-02
   1.4213556e-01   1.1578947e-01
   1.1823446e-01   8.9473684e-02
   4.1848469e-01   9.5263158e-01
   1.3135599e-01   1.4210526e-01
   1.0812473e-01   5.2631579e-03
   9.3969293e-02   4.7368421e-02
   2.8987647e-01   4.5789474e-01
   1.6927562e-01   2.0526316e-01
   1.1398889e-01   9.4736842e-02
   1.2562472e-01   1.3157895e-01
   1.1822971e-01   1.0526316e-01
   4.5774816e-02   0.0000000e+00
   1.0497806e-01   8.9473684e-02
   8.9187164e-02   2.1052632e-02
   1.2557581e-01   1.0000000e-01
   3.5820263e+00   9.0000000e-01
   1.2607893e-01   1.0526316e-01
   1.1358351e-01   1.2105263e-01
   1.0115438e-01   6.3157895e-02
   7.1576053e-02   0.0000000e+00
   1.0011090e-01   2.1052632e-02
   6.6304897e-02   1.5789474e-02
   1.1545593e-01   7.8947368e-02
   1.4171380e-01   2.3684211e-01
   1.8023781e-01   3.2105263e-01
   1.0996955e-01   4.7368421e-02
   9.6245816e-02   4.7368421e-02
   6.3951865e-02   3.1578947e-02
   1.1536583e-01   1.0526316e-01
   8.8333933e-02   6.3157895e-02
   9.7310248e-02   3.6842105e-02
   1.2080158e-01   1.5263158e-01
   9.7573210e-02   7.8947368e-02
   2.3018556e-01   4.7894737e-01
   1.0602388e-01   3.6842105e-02
   1.8705272e-01   3.3157895e-01
   1.3778184e-01   1.7894737e-01
   1.7934686e-01   2.5789474e-01
   1.6417206e-01   1.7368421e-01
   2.0158241e-01   4.6315789e-01
   1.7601346e-01   2.6842105e-01
   2.4556973e-01   6.2631579e-01
   1.9438090e-01   3.3157895e-01
   1.1933285e-01   1.2105263e-01
   8.9995953e-02   3.1578947e-02
   7.4599794e-02   1.0526316e-02
   9.4092238e-02   4.7368421e-02
   1.0591688e-01   9.4736842e-02
   2.2679720e-01   4.0000000e-01
   1.1991684e-01   3.1578947e-02
   6.3722983e-02   5.2631579e-03
   1.1989937e-01   1.3684211e-01
   1.7251747e-01   2.8421053e-01
   1.5485215e-01   2.2105263e-01
   1.4105446e-01   1.8421053e-01
   4.7319836e-02   1.0526316e-02
   4.8507937e-02   0.0000000e+00
   9.7650101e-02   5.7894737e-02
   1.2947076e-01   1.4210526e-01
   1.3447315e-01   1.3157895e-01
   2.8132393e-01   4.9473684e-01
   6.3967543e-02   2.6315789e-02
   8.9683519e-02   2.1052632e-02
   2.0776579e-01   4.3157895e-01
   6.7500842e-02   1.0526316e-02
   2.8678059e-01   6.3157895e-01
   1.1853234e-01   1.0526316e-01
   7.3770897e-02   3.1578947e-02
   1.4902844e-01   1.6315789e-01
   1.0275761e-01   4.7368421e-02
   1.0615828e-01   8.4210526e-02
   1.2280037e-01   1.6842105e-01
   9.8983813e-02   6.8421053e-02
   1.4553698e-01   1.4210526e-01
   1.5434562e-01   2.4736842e-01
   1.6453674e-01   2.1052632e-01
   1.4137707e-01   1.6315789e-01
   9.1517081e-02   3.1578947e-02
   6.6813690e-02   5.2631579e-03
   8.4577173e-02   1.5789474e-02
   5.8865460e-02   0.0000000e+00
   1.4355151e-01   1.4736842e-01
   1.0701115e-01   1.0526316e-01
   2.9795590e-01   5.6842105e-01
   2.5534584e-01   3.4210526e-01
   6.7451591e-02   1.5789474e-02
   1.3588609e-01   1.0000000e-01
   4.2085660e-01   4.4210526e-01
   2.8706174e-01   2.7368421e-01
   1.2987986e-01   1.3684211e-01
   1.1739952e-01   6.3157895e-02
   2.1096161e-01   2.9473684e-01
   7.8592108e-02   4.2105263e-02
   1.0234777e-01   1.5789474e-02
   5.0534466e-02   0.0000000e+00
   7.4654710e-02   2.6315789e-02
   2.0241485e-01   3.6315789e-01
   8.3713478e-02   3.6842105e-02
   8.7373054e-02   5.2631579e-02
   2.3118351e-01   1.7894737e-01
   2.0492236e-01   4.6315789e-01
   3.7083823e-01   3.8421053e-01
   8.4081507e-02   1.0526316e-02
   7.4360790e-02   2.1052632e-02
   1.3860717e-01   1.1052632e-01
   6.4784281e-01   7.7368421e-01
   5.6507214e-02   0.0000000e+00
   1.4140045e-01   1.7368421e-01
   5.2638381e-02   0.0000000e+00
   8.3785281e-02   4.2105263e-02
   5.5343625e-02   5.2631579e-03
   5.9198134e-01   5.8947368e-01
   6.9147972e-02   3.6842105e-02
   1.1277889e-01   7.8947368e-02
   1.0587328e-01   1.1578947e-01
   4.0933487e-01   3.5263158e-01
   1.5700885e-01   1.1052632e-01
   5.5116991e-02   3.1578947e-02
   9.6840883e-02   6.8421053e-02
   7.5676834e-02   2.1052632e-02
   2.4027448e-01   2.5263158e-01
   2.3739200e-01   5.2631579e-01
   1.0574832e-01   5.2631579e-02
   2.5559011e-01   5.7368421e-01
   1.1881095e-01   1.4736842e-01
   2.8288489e-01   5.7368421e-01
   1.0580194e-01   3.6842105e-02
   5.9496320e-01   5.6842105e-01
   8.5768841e-01   6.9473684e-01
   4.5381768e-02   0.0000000e+00
   1.1992234e-01   1.1578947e-01
   3.2737337e-01   5.4210526e-01
   1.6251846e-01   2.5263158e-01
   5.6260880e-02   3.1578947e-02
   1.2477908e-01   6.3157895e-02
   1.4211057e-01   1.8421053e-01
   7.2410368e-02   2.6315789e-02
   6.9478093e-02   2.6315789e-02
   1.2638399e-01   3.6842105e-02
   8.9920352e-02   3.6842105e-02
   9.2203609e-02   4.2105263e-02
   1.1256548e-01   2.1052632e-02
   5.3063889e-02   0.0000000e+00
   6.9142519e-02   1.5789474e-02
   9.7402299e-02   3.6842105e-02
   3.8887821e-02   1.0526316e-02
   2.7026303e-01   6.3157895e-01
   5.0322352e-01   5.2631579e-01
   1.8940923e-01   3.9473684e-01
   6.0839303e-02   0.0000000e+00
   6.5021330e-02   0.0000000e+00
   2.0976515e-01   3.7894737e-01
   1.5038918e-01   1.6842105e-01
   1.1756289e-01   6.3157895e-02
   1.0481165e-01   5.7894737e-02
   8.8161515e-02   4.7368421e-02
   2.0114839e-01   3.9473684e-01
   1.5432255e-01   1.4736842e-01
   1.0987311e-01   8.4210526e-02
   9.9514901e-02   5.7894737e-02
   1.5998849e-01   2.5263158e-01
   5.0191578e-02   0.0000000e+00
   2.2517907e-01   1.1052632e-01
   7.6816602e-02   5.2631579e-03
   1.8969894e-01   3.3684211e-01
   9.9195040e-02   4.2105263e-02
   7.2922292e-02   1.5789474e-02
   1.7572660e-01   2.2631579e-01
   1.6700553e-01   2.3684211e-01
   3.1850852e-01   5.3684211e-01
   1.1815604e-01   1.0000000e-01
   1.1146160e-01   8.4210526e-02
   7.5331484e-02   3.6842105e-02
   5.8646533e-02   0.0000000e+00
   1.2555808e-01   1.0000000e-01
   7.0174597e-02   3.1578947e-02
   1.3151756e-01   1.4210526e-01
   6.9162803e-02   1.0526316e-02
   7.3781026e-02   2.1052632e-02
   1.6748087e-01   2.2631579e-01
   3.3569116e-01   5.8947368e-01
   1.3276927e-01   1.4210526e-01
   8.3499722e-02   1.0526316e-02
   8.0782845e-02   1.0526316e-02
   1.6830588e-01   2.8947368e-01
   1.5887467e-01   2.0526316e-01
   1.1187100e-01   3.1578947e-02
   9.4822889e-02   3.6842105e-02
   6.5338011e-02   0.0000000e+00
   4.1085534e-01   2.6842105e-01
   1.0916656e-01   9.4736842e-02
   9.4180331e-02   8.9473684e-02
   5.0625425e-02   1.5789474e-02
   1.1924403e-01   6.3157895e-02
   9.2272645e-02   3.6842105e-02
   6.3245207e-02   1.5789474e-02
   7.8000290e-02   0.0000000e+00
   1.1391423e-01   7.3684211e-02
   1.5502223e-01   2.2105263e-01
   5.2464631e-02   0.0000000e+00
   1.4207431e-01   1.3157895e-01
   1.0763709e-01   3.6842105e-02
   1.3901645e-01   1.4210526e-01
   1.1790673e-01   1.2631579e-01
   2.7533429e-01   3.1052632e-01
   1.1719823e-01   7.8947368e-02
   8.6323762e-02   2.6315789e-02
   8.6323762e-02   2.6315789e-02
   8.7430537e-02   1.0526316e-02
   7.0341253e-02   3.6842105e-02
   5.2793895e-02   0.0000000e+00
   2.1429214e-01   2.2105263e-01
   3.1579321e-01   6.3684211e-01
   5.8426292e-02   3.6842105e-02
   7.8461323e-02   4.2105263e-02
   8.0559766e-02   2.1052632e-02
   5.6095654e-02   1.5789474e-02
   1.1587733e-01   1.2631579e-01
   1.1156700e-01   2.6315789e-02
   2.2301838e-01   4.3157895e-01
   8.4604882e-02   5.2631579e-02
   1.4824101e-01   1.2105263e-01
   1.1668374e-01   1.2105263e-01
   4.5947141e-02   1.5789474e-02
   1.1791123e-01   8.9473684e-02
   1.1971087e-01   1.2631579e-01
   4.6128531e-02   0.0000000e+00
   1.7906304e-01   2.8421053e-01
   1.1562431e-01   7.8947368e-02
   5.6914657e-02   1.5789474e-02
   1.2012930e-01   7.3684211e-02
   7.9493189e-02   5.2631579e-02
   5.0190083e-02   0.0000000e+00
   1.0417022e-01   6.3157895e-02
   8.7813081e-02   4.7368421e-02
   1.6913694e-01   2.8421053e-01
   1.1511767e-01   1.3157895e-01
   9.1974915e-02   2.1052632e-02
   1.1130063e-01   5.2631579e-02
   1.3588367e-01   1.5263158e-01
   8.6497738e-02   4.7368421e-02
   3.1155145e-01   3.0000000e-01
   8.0878352e-02   5.7894737e-02
   7.6451076e-02   1.0526316e-02
   8.7658092e-02   1.5789474e-02
   8.4452857e-01   8.2631579e-01
   2.3004103e-01   4.1578947e-01
   6.1386055e-02   1.5789474e-02
   1.1475108e-01   8.9473684e-02
   1.4119220e-01   1.8421053e-01
   9.8169265e-02   3.6842105e-02
   7.7844405e-02   5.2631579e-03
   2.2895824e-01   5.0526316e-01
   7.7165405e-02   1.5789474e-02
   8.4399822e-02   2.1052632e-02
   1.0056573e-01   7.8947368e-02
   8.1865369e-02   1.5789474e-02
   1.2758306e-01   7.3684211e-02
   1.7075443e-01   1.9473684e-01
   6.8221729e-02   2.1052632e-02
   7.8869239e-02   0.0000000e+00
   1.0125716e-01   4.2105263e-02
   7.9074218e-02   2.6315789e-02
   1.2585246e-01   1.2105263e-01
   1.2585246e-01   1.2105263e-01
   1.0883967e-01   6.8421053e-02
   1.1261137e-01   6.3157895e-02
   9.6690201e-02   9.4736842e-02
   9.0864423e-01   5.6842105e-01
   5.9613415e-02   0.0000000e+00
   6.0283889e-02   5.7894737e-02
   1.0520601e-01   6.8421053e-02
   7.0179739e-02   5.2631579e-03
   1.2881123e-01   6.8421053e-02
   1.2747491e-01   1.0526316e-01
   9.3861827e-02   1.0526316e-02
   6.5972685e-01   7.7894737e-01
   1.9963859e-01   1.4736842e-01
   2.0781920e-01   4.3157895e-01
   8.0184102e-02   2.6315789e-02
   7.2900063e-02   5.2631579e-03
   1.8552116e-01   3.3157895e-01
   2.1795143e-01   3.6842105e-01
   4.9500077e-02   0.0000000e+00
   1.3842069e-01   1.0526316e-01
   1.3842069e-01   1.0526316e-01
   1.1447400e-01   9.4736842e-02
   1.5868172e-01   1.7368421e-01
   7.6347102e-02   0.0000000e+00
   5.6796214e-02   0.0000000e+00
   7.8484411e-02   2.6315789e-02
   2.1274164e-01   2.9473684e-01
   6.1841088e-02   0.0000000e+00
   8.2731420e-02   3.1578947e-02
   6.4595779e-02   1.5789474e-02
   7.4455799e-02   1.5789474e-02
   4.6045828e-01   9.1052632e-01
   2.2715158e-01   5.1578947e-01
   3.3885434e-01   2.8947368e-01
   2.2497175e-01   2.2105263e-01
   2.2708277e-01   2.1578947e-01
   6.8826999e-02   5.2631579e-02
   1.0057890e-01   7.3684211e-02
   1.4088959e-01   1.7894737e-01
   6.9995041e-02   5.2631579e-03
   5.2257272e-01   5.8947368e-01
   1.3201372e-01   1.3157895e-01
   1.1253662e-01   8.9473684e-02
   5.2697685e-02   0.0000000e+00
   6.4831663e-02   0.0000000e+00
   6.4831663e-02   0.0000000e+00
   1.0297810e-01   1.0000000e-01
   1.8977366e-01   3.6315789e-01
   5.4554548e-02   0.0000000e+00
   1.5629595e-01   1.8421053e-01
   1.6601782e-01   3.6842105e-01
   5.4408072e-02   5.2631579e-03
   1.0594091e-01   7.3684211e-02
   6.3669021e-02   3.1578947e-02
   1.3682017e-01   1.0526316e-01
   1.0634506e-01   3.1578947e-02
   5.3339449e-02   1.5789474e-02
   2.7729266e-01   4.2631579e-01
   9.4980215e-02   8.4210526e-02
   1.1466934e-01   7.8947368e-02
   8.6097752e-02   5.2631579e-02
   1.5164572e-01   1.4210526e-01
   7.3538744e-02   3.1578947e-02
   1.3346897e-01   7.3684211e-02
   8.6233607e-02   3.6842105e-02
   1.5510096e-01   2.1052632e-01
   9.6662149e-02   7.3684211e-02
   2.0151341e-01   2.5263158e-01
   1.3921997e-01   1.3157895e-01
   1.8323284e-01   2.2631579e-01
   7.3727917e-02   0.0000000e+00
   7.9401582e-02   3.6842105e-02
   6.8362428e-01   9.4736842e-01
   2.0611056e-01   2.8947368e-01
   9.8656986e-02   9.4736842e-02
   1.4134062e-01   1.0526316e-01
   8.9358278e-02   5.7894737e-02
   1.4134062e-01   1.0526316e-01
   8.8469874e-02   5.2631579e-02
   1.6456535e-01   2.7894737e-01
   2.8181722e-01   7.4736842e-01
   2.2385419e-01   2.8421053e-01
   5.4785868e-02   0.0000000e+00
   9.8187400e-02   4.2105263e-02
   1.0463160e-01   5.2631579e-02
   6.0173029e-01   4.5789474e-01
   8.0051335e-02   0.0000000e+00
   1.8191696e-01   4.0000000e-01
   1.0084841e-01   2.6315789e-02
   8.5803412e-02   3.1578947e-02
   1.2217769e-01   1.1052632e-01
   1.3903462e-01   1.1578947e-01
   1.1878447e-01   4.7368421e-02
   2.9001531e-01   7.2105263e-01
   3.0663244e-01   4.0000000e-01
   5.4250037e-02   0.0000000e+00
   1.4263022e-01   8.9473684e-02
   1.6604040e-01   2.0526316e-01
   8.8680457e-02   2.1052632e-02
   5.3067110e-02   1.0526316e-02
   9.1385795e-02   4.2105263e-02
   3.7512428e-01   6.3157895e-01
   2.0784199e-01   3.9473684e-01
   1.4103833e-01   1.4210526e-01
   7.2061680e-02   1.0526316e-02
   1.0363220e-01   1.0526316e-01
   9.6870541e-02   9.4736842e-02
   1.1348397e-01   7.3684211e-02
   1.5066141e-01   8.4210526e-02
   6.7105989e-02   5.2631579e-03
   6.1375797e-02   0.0000000e+00
   1.1688422e-01   4.7368421e-02
   5.1481294e-02   1.5789474e-02
   1.1478626e+00   9.3684211e-01
   6.5482509e-02   0.0000000e+00
   1.0019676e-01   3.1578947e-02
   1.3792106e-01   1.6315789e-01
   1.3406570e-01   1.8421053e-01
   7.4643880e-02   5.2631579e-03
   7.2180219e-02   1.5789474e-02
   2.2202590e-01   4.5263158e-01
   5.2651500e-02   5.2631579e-03
   8.3008853e-02   5.2631579e-02
   2.4292156e-01   4.1052632e-01
   1.4849097e-01   1.8947368e-01
   1.9296762e-01   4.0000000e-01
   1.4685845e-01   1.0000000e-01
   5.2715203e-02   5.2631579e-03
   1.0535879e-01   6.3157895e-02
   8.1330151e-02   2.6315789e-02
   1.0152019e-01   1.0526316e-02
   6.5007383e-01   8.4736842e-01
   1.4012522e-01   1.2631579e-01
   1.2503592e-01   1.6842105e-01
   2.0630698e-01   3.0000000e-01
   7.8652438e-02   3.6842105e-02
   7.2896097e-02   3.6842105e-02
   1.1157187e-01   9.4736842e-02
   6.9898568e-02   1.0526316e-02
   2.2907875e-01   2.7368421e-01
   1.0910441e-01   1.3684211e-01
   2.2907875e-01   2.7368421e-01
   9.1202149e-02   3.6842105e-02
   3.5199473e-02   0.0000000e+00
   1.0295077e-01   4.7368421e-02
   5.3142372e-02   0.0000000e+00
   1.2420181e-01   1.1578947e-01
   8.2325593e-02   2.1052632e-02
   8.2370882e-02   4.2105263e-02
   1.6558950e-01   1.6842105e-01
   9.8698155e-02   6.8421053e-02
   1.8979731e-01   3.7894737e-01
   1.7049614e-01   9.4736842e-02
   6.7770739e-02   1.5789474e-02
   1.9373462e-01   3.5789474e-01
   1.2393627e-01   1.3684211e-01
   3.4395776e-01   7.0000000e-01
   1.4489415e-01   1.8947368e-01
   3.1883891e-01   5.7368421e-01
   1.2614032e-01   2.6315789e-02
   1.0198164e-01   4.7368421e-02
   2.8836164e-01   5.6315789e-01
   5.7897347e-02   0.0000000e+00
   1.7899172e-01   2.9473684e-01
   2.2915768e-01   2.8421053e-01
   4.4708757e-02   2.1052632e-02
   5.4739162e-02   0.0000000e+00
   7.5720612e-02   2.6315789e-02
   8.3583649e-02   4.7368421e-02
   1.6511564e-01   1.2105263e-01
   6.0480415e-02   0.0000000e+00
   7.7988456e-02   4.2105263e-02
   2.2785658e-01   3.4736842e-01
   4.5680185e-02   1.0526316e-02
   9.9272073e-02   8.4210526e-02
   1.8212901e-01   2.8421053e-01
   1.5893255e-01   1.4210526e-01
   2.0084227e-01   3.4736842e-01
   6.6762159e-02   1.0526316e-02
   5.3531329e-02   0.0000000e+00
   1.2090983e-01   6.8421053e-02
   9.7644495e-02   9.4736842e-02
   1.2987257e-01   1.4736842e-01
   9.2264393e-02   5.7894737e-02
   1.3237915e-01   1.0526316e-01
   1.1460455e-01   8.4210526e-02
   7.1233112e-02   5.2631579e-03
   7.6678507e-02   5.2631579e-03
   1.0726869e-01   1.0000000e-01
   1.0785355e-01   8.4210526e-02
   2.6629841e-01   6.3157895e-01
   8.1047977e-02   5.2631579e-02
   2.0429998e-01   1.3157895e-01
   9.7432966e-01   5.6842105e-01
   3.1335765e-01   5.0526316e-01
   1.7476153e-01   2.3684211e-01
   8.5965084e-02   2.1052632e-02
   6.3185323e-02   2.1052632e-02
   7.1101127e-02   0.0000000e+00
   5.6300805e-02   0.0000000e+00
   7.8435487e-02   5.2631579e-03
   7.9378006e-02   4.7368421e-02
   1.2956069e-01   1.7894737e-01
   6.3179128e-02   5.2631579e-03
   4.7080540e-02   5.2631579e-03
   2.4317285e-01   6.9473684e-01
   1.5046518e-01   1.6842105e-01
   3.1198065e-01   3.8947368e-01
   1.4849641e-01   1.4736842e-01
   1.2890603e-01   1.6842105e-01
   6.6219746e-02   1.5789474e-02
   1.1506456e-01   7.3684211e-02
   6.3364346e-02   3.6842105e-02
   6.2766658e-02   0.0000000e+00
   1.1130989e-01   8.4210526e-02
   1.5180624e-01   1.8947368e-01
   3.4903063e-01   6.5263158e-01
   1.8999702e-01   2.0000000e-01
   6.7403216e-02   1.5789474e-02
   8.6302792e-02   5.2631579e-03
   1.2404861e-01   8.9473684e-02
   1.0711333e-01   1.0526316e-01
   3.7565608e-01   8.0526316e-01
   1.0595375e-01   5.2631579e-02
   7.8278740e-02   2.6315789e-02
   8.7940837e-02   2.6315789e-02
   1.0728856e-01   7.8947368e-02
   1.4059220e-01   2.1578947e-01
   1.2685147e-01   1.0526316e-01
   5.6905574e-02   2.1052632e-02
   3.0111135e-01   5.3157895e-01
   1.7454105e-01   2.7368421e-01
   4.1021662e-01   8.7894737e-01
   1.7908293e-01   3.0526316e-01
   1.3287304e-01   1.3684211e-01
   1.1120349e-01   5.7894737e-02
   2.2020724e-01   4.2105263e-01
   1.5078501e-01   2.0526316e-01
   6.6396140e-02   5.2631579e-03
   8.8352561e-02   3.6842105e-02
   8.3075492e-02   3.1578947e-02
   9.2424542e-02   7.8947368e-02
   6.4887092e-02   1.0526316e-02
   1.1588016e-01   8.4210526e-02
   5.4273181e-02   5.2631579e-03
   8.7811034e-02   2.6315789e-02
   1.0659997e-01   1.0526316e-01
   1.8407510e-01   3.1578947e-01
   1.8407510e-01   3.1578947e-01
   1.5652887e-01   1.4210526e-01
   7.8463315e-02   0.0000000e+00
   7.1015155e-02   1.0526316e-02
   6.8513866e-02   5.2631579e-03
   8.8181827e-02   2.6315789e-02
   1.2535677e-01   8.9473684e-02
   5.3240739e-02   5.2631579e-03
   1.7248866e-01   1.8421053e-01
   1.1872584e-01   6.3157895e-02
   1.0510859e-01   8.4210526e-02
   1.4812047e-01   1.2631579e-01
   1.1974443e-01   7.8947368e-02
   7.9387563e-02   1.5789474e-02
   1.2958751e-01   1.4736842e-01
   9.1191840e-02   4.7368421e-02
   9.5581292e-02   5.2631579e-02
   1.0648757e-01   3.6842105e-02
   1.5043067e-01   1.9473684e-01
   2.2822842e-01   5.4210526e-01
   4.1735069e-01   8.7368421e-01
   2.6829352e-01   5.7894737e-01
   1.3511150e-01   1.2105263e-01
   1.1318710e-01   1.1052632e-01
   1.4905871e-01   1.5789474e-01
   1.8652354e-01   2.2631579e-01
   1.4474520e-01   1.3157895e-01
   6.4380905e-02   2.1052632e-02
   9.7605479e-02   9.4736842e-02
   1.1399647e-01   1.2105263e-01
   3.6530775e-01   4.1052632e-01
   1.4352376e-01   1.7368421e-01
   5.5514988e-02   5.2631579e-03
   5.7840742e-02   0.0000000e+00
   1.3730451e-01   1.5789474e-01
   1.5339299e-01   2.2105263e-01
   4.6402903e-02   5.2631579e-03
   1.1831294e-01   1.0000000e-01
   8.4510434e-02   3.1578947e-02
   1.2311463e-01   1.1052632e-01
   8.3664170e-02   1.5789474e-02
   2.4882787e-01   7.1052632e-01
   3.1883891e-01   5.7368421e-01
   9.2132605e-02   5.7894737e-02
   1.1060701e-01   4.2105263e-02
   1.0232635e-01   4.7368421e-02
   1.7063320e-01   1.6842105e-01
   8.5002178e-01   7.3157895e-01
   3.0011353e-01   3.2631579e-01
   8.0576593e-02   0.0000000e+00
   1.0040877e-01   5.2631579e-02
   1.4933054e-01   1.9473684e-01
   8.3081241e-02   1.5789474e-02
   1.7985758e-01   2.9473684e-01
   6.2723443e-02   1.0526316e-02
   9.9804090e-02   1.0526316e-02
   7.4984684e-02   2.1052632e-02
   6.4565940e-02   2.1052632e-02
   4.9701781e-02   0.0000000e+00
   1.2254849e-01   1.2631579e-01
   1.1991068e-01   1.2105263e-01
   4.9127414e-02   0.0000000e+00
   1.8288001e-01   2.8421053e-01
   1.0220293e-01   4.2105263e-02
   7.9348197e-02   2.6315789e-02
   9.4311319e-02   2.6315789e-02
   1.3050937e-01   1.1052632e-01
   6.3956939e-02   2.1052632e-02
   1.4943177e-01   1.8947368e-01
   6.4933117e-02   0.0000000e+00
   2.3296198e-01   4.6842105e-01
   1.4919549e-01   2.1052632e-01
   7.1684330e-02   3.6842105e-02
   1.9046699e-01   2.6315789e-01
   1.2208255e-01   1.0526316e-01
   1.5550967e-01   2.2631579e-01
   5.0612377e-02   0.0000000e+00
   2.2768602e-01   2.6842105e-01
   9.8260642e-02   8.9473684e-02
   6.2610586e-01   8.3157895e-01
   1.3030924e+00   6.4210526e-01
   9.3972105e-02   6.3157895e-02
   1.3231348e-01   1.8947368e-01
   1.4226225e-01   1.5263158e-01
   1.3889717e-01   1.7368421e-01
   3.1716703e-01   6.3157895e-01
   8.0797726e-02   2.6315789e-02
   8.6068167e-02   4.2105263e-02
   1.2365532e-01   9.4736842e-02
   5.4036169e-02   5.2631579e-03
   3.9950024e-02   0.0000000e+00
   3.3208233e-01   3.8947368e-01
   5.8565284e-02   1.0526316e-02
   1.4395291e-01   1.6315789e-01
   1.3259666e-01   1.3157895e-01
   9.5825775e-02   3.6842105e-02
   2.0757881e-01   3.5789474e-01
   1.8283200e-01   3.1578947e-01
   2.4595904e-01   2.7368421e-01
   5.8234027e-02   1.0526316e-02
   4.3036970e-02   0.0000000e+00
   1.9034104e-01   3.8421053e-01
   8.6210758e-02   2.1052632e-02
   8.1923685e-02   1.5789474e-02
   6.7883973e-02   1.0526316e-02
   1.3967521e-01   1.5263158e-01
   2.9432749e-01   2.1052632e-01
   1.1536342e-01   2.1052632e-02
   1.1838292e-01   7.3684211e-02
   5.3872736e-02   0.0000000e+00
   1.2497191e-01   8.9473684e-02
   5.4441838e-01   9.7368421e-01
   9.9087496e-02   7.8947368e-02
   4.0210325e-02   0.0000000e+00
   2.6548910e-01   2.8947368e-01
   8.5088719e-02   2.6315789e-02
   7.5371334e-01   6.4210526e-01
   1.7602959e-01   2.6842105e-01
   1.1163092e-01   7.8947368e-02
   2.2205922e-01   4.5789474e-01
   1.7811422e-01   1.7368421e-01
   1.5347266e-01   2.1578947e-01
   1.2390397e-01   6.8421053e-02
   8.1884951e-02   3.6842105e-02
   6.6340984e-02   2.1052632e-02
   6.8626519e-02   1.0526316e-02
   6.0614813e-02   0.0000000e+00
   8.9217268e-02   1.5789474e-02
   7.0000923e-02   1.5789474e-02
   8.2068249e-02   3.6842105e-02
   9.2629692e-01   8.6842105e-01
   7.4392497e-02   5.2631579e-03
   1.0460386e-01   5.2631579e-02
   1.5483642e-01   1.7894737e-01
   1.2491303e-01   6.8421053e-02
   8.7807398e-02   5.7894737e-02
   1.0812547e-01   6.3157895e-02
   1.2895290e-01   1.0000000e-01
   3.0240867e-01   4.1578947e-01
   6.5636499e-02   2.6315789e-02
   1.0408504e-01   5.7894737e-02
   1.6843638e-01   2.4736842e-01
   5.7275974e-02   5.2631579e-03
   1.3081191e-01   1.3157895e-01
   9.9234626e-02   4.7368421e-02
   1.9377441e-01   4.0526316e-01
   1.0855108e-01   6.8421053e-02
   7.7424502e-02   1.0526316e-02
   2.1448366e-01   4.6842105e-01
   9.9825693e-02   5.7894737e-02
   1.1269007e-01   7.8947368e-02
   1.2379961e-01   6.3157895e-02
   4.4328624e-02   0.0000000e+00
   1.1133455e-01   5.2631579e-02
   6.6889580e-02   1.5789474e-02
   9.2492349e-02   6.8421053e-02
   2.1847318e-01   2.1578947e-01
   2.4480380e-01   5.0000000e-01
   2.1161163e-01   2.0526316e-01
   8.3610057e-02   2.6315789e-02
   1.0124855e-01   3.1578947e-02
   1.4889573e-01   1.8421053e-01
   1.0182284e-01   6.3157895e-02
   1.0495221e-01   4.2105263e-02
   1.1603318e-01   1.2631579e-01
   6.0704324e-02   2.1052632e-02
   7.5510729e-02   1.5789474e-02
   7.0299247e-02   0.0000000e+00
   2.9962200e-01   2.3157895e-01
   1.0006575e-01   7.8947368e-02
   8.8775541e-02   4.2105263e-02
   6.8303927e-02   1.5789474e-02
   6.1685948e-02   2.6315789e-02
   4.7740337e-02   0.0000000e+00
   1.7576778e-01   2.8947368e-01
   1.0213344e-01   4.2105263e-02
   9.7883592e-02   3.6842105e-02
   1.4608616e-01   1.6842105e-01
   5.7950891e-02   0.0000000e+00
   1.0792595e-01   2.1052632e-02
   1.3525518e-01   1.4736842e-01
   6.7884462e-02   4.2105263e-02
   1.3622615e-01   1.1052632e-01
   6.7221353e-01   6.2631579e-01
   8.5927482e-02   2.1052632e-02
   5.4652262e-01   4.4736842e-01
   1.1581234e-01   6.3157895e-02
   2.0680513e-01   2.8421053e-01
   2.0693007e-01   2.6315789e-01
   7.3859788e-02   1.5789474e-02
   1.0593986e-01   9.4736842e-02
   4.9871140e-02   0.0000000e+00
   1.2921011e-01   1.4736842e-01
   1.1515023e-01   1.3157895e-01
   1.1349633e-01   1.2105263e-01
   5.9358256e-02   0.0000000e+00
   6.8333957e-02   2.1052632e-02
   7.0195916e-02   2.6315789e-02
   8.1422207e-02   4.2105263e-02
   6.4669001e-02   2.1052632e-02
   1.4980470e-01   2.5263158e-01
   9.2799866e-02   6.8421053e-02
   6.6693320e-02   0.0000000e+00
   2.1369041e-01   3.8947368e-01
   1.3010645e-01   1.3684211e-01
   2.0114820e-01   2.5263158e-01
   8.9677089e-02   2.1052632e-02
   2.2224399e-01   5.2105263e-01
   8.9748917e-02   3.1578947e-02
   9.4097803e-02   5.2631579e-02
   1.5244242e-01   2.1052632e-01
   1.1216923e-01   1.1578947e-01
   1.0337605e-01   5.2631579e-03
   9.4617433e-02   5.2631579e-03
   8.2420109e-02   2.6315789e-02
   7.4317406e-02   2.1052632e-02
   3.9845495e-01   8.4210526e-01
   9.3623249e-02   5.7894737e-02
   2.0223509e-01   2.9473684e-01
   4.5985120e-02   0.0000000e+00
   5.9090294e-02   2.6315789e-02
   7.9743656e-02   4.2105263e-02
   6.7056035e-02   0.0000000e+00
   1.7157191e-01   2.1052632e-01
   8.9408899e-02   3.6842105e-02
   6.2558604e-02   0.0000000e+00
   1.7613053e-01   2.4210526e-01
   5.9217760e-02   4.2105263e-02
   2.0684087e-01   2.5789474e-01
   1.2764243e-01   1.5789474e-01
   1.2994497e-01   1.0526316e-01
   1.3809143e-01   1.8421053e-01
   1.3773368e-01   1.1578947e-01
   6.7090936e-02   1.0526316e-02
   9.1794787e-02   6.3157895e-02
   9.6852301e-02   5.2631579e-02
   8.2755355e-02   1.5789474e-02
   1.4054208e-01   2.3684211e-01
   1.0342317e-01   5.2631579e-02
   3.8012183e-01   8.4210526e-01
   5.7975024e-02   5.2631579e-03
   7.4623192e-02   1.0526316e-02
   2.4130104e-01   4.8947368e-01
   1.6113035e-01   2.4210526e-01
   1.1818203e-01   1.0000000e-01
   5.2120635e-02   0.0000000e+00
   7.2790786e-02   1.5789474e-02
   4.1943208e-02   0.0000000e+00
   1.4138053e-01   1.4210526e-01
   1.0171825e-01   6.3157895e-02
   6.2984589e-02   1.5789474e-02
   9.7850204e-02   6.8421053e-02
   9.3528402e-02   2.6315789e-02
   9.0069633e-02   1.5789474e-02
   1.5321664e-01   2.3684211e-01
   4.2842499e-01   5.4210526e-01
   1.0507363e-01   1.0526316e-01
   2.4878552e-01   6.1052632e-01
   7.4025869e-02   2.6315789e-02
   1.0107909e-01   5.2631579e-02
   1.3517168e-01   1.4210526e-01
   1.9384520e-01   2.6315789e-01
   1.3154417e-01   1.2631579e-01
   2.0410142e-01   2.1578947e-01
   5.8693197e-02   0.0000000e+00
   9.4814595e-02   6.8421053e-02
   2.3620641e-01   2.7894737e-01
   5.4018466e-01   7.5263158e-01
   6.7070808e-02   3.6842105e-02
   5.7440039e-02   0.0000000e+00
   8.5381587e-02   3.6842105e-02
   2.1470064e-01   4.0000000e-01
   5.0015051e-02   0.0000000e+00
   7.2742814e-02   4.7368421e-02
   7.5707206e-02   2.1052632e-02
   9.3971458e-02   4.2105263e-02
   1.6254021e-01   1.5789474e-01
   7.7635244e-02   0.0000000e+00
   9.1287509e-02   6.3157895e-02
   7.7840949e-02   2.1052632e-02
   4.0514028e-02   1.5789474e-02
   2.3530408e-01   5.0526316e-01
   7.1689764e-02   0.0000000e+00
   1.0937750e-01   7.8947368e-02
   8.8910620e-02   3.6842105e-02
   8.9098498e-02   1.5789474e-02
   7.8555903e-02   4.2105263e-02
   2.6407141e-01   4.5789474e-01
   1.9432512e-01   3.8421053e-01
   9.2729990e-02   6.3157895e-02
   6.5275779e-02   5.2631579e-03
   2.2717223e-01   2.6315789e-01
   8.9792804e-02   5.2631579e-02
   9.0324139e-02   5.2631579e-02
   6.2583495e-01   4.3157895e-01
   9.9228211e-02   4.7368421e-02
   8.2995132e-02   0.0000000e+00
   1.4740979e-01   1.7368421e-01
   1.4964258e-01   2.1052632e-01
   7.1470937e-02   2.1052632e-02
   1.8208141e-01   4.2631579e-01
   8.7606910e-02   6.3157895e-02
   4.8392084e-01   7.0526316e-01
   6.2025103e-02   1.5789474e-02
   1.5834745e-01   1.8947368e-01
   1.3507363e-01   8.9473684e-02
   5.5222030e-02   3.1578947e-02
   1.0882017e-01   1.0526316e-01
   2.4209066e-01   3.0000000e-01
   9.4162520e-02   6.3157895e-02
   1.5083322e-01   1.1578947e-01
   1.9704817e-01   3.8421053e-01
   1.0569390e-01   5.7894737e-02
   6.8460699e-02   0.0000000e+00
   6.1321108e-02   0.0000000e+00
   8.6071626e-02   1.5789474e-02
   1.6661013e-01   3.0526316e-01
   1.9226376e-01   3.1052632e-01
   1.7073179e-01   1.3684211e-01
   2.3599951e-01   3.1578947e-01
   4.5282709e-01   8.5263158e-01
   8.6594041e-02   5.2631579e-02
   1.0145121e-01   8.4210526e-02
   6.7555185e-02   2.1052632e-02
   6.1575556e-02   1.5789474e-02
   9.5735979e-02   5.2631579e-02
   1.1653946e-01   8.4210526e-02
   8.5432163e-02   6.3157895e-02
   3.0764119e-01   2.2631579e-01
   1.7345073e-01   2.2631579e-01
   4.9920760e-02   0.0000000e+00
   1.3743218e-01   1.4736842e-01
   9.8370707e-02   4.7368421e-02
   1.0489774e-01   6.3157895e-02
   9.7889912e-02   5.2631579e-02
   1.8573745e-01   3.3684211e-01
   1.3899282e-01   1.5789474e-01
   2.1795524e-01   4.6842105e-01
   7.0998724e-02   2.1052632e-02
   1.2206509e-01   1.2631579e-01
   8.9946143e-02   3.6842105e-02
   1.7697527e-01   1.3157895e-01
   5.2077146e-01   9.5263158e-01
   5.2297724e-02   5.2631579e-03
   2.7759255e-01   5.7368421e-01
   8.1021655e-02   2.6315789e-02
