0.20966
0.0678145
0.109812
0.102083
0.187786
0.285627
0.0991092
0.0535435
0.0926418
0.149688
0.0816536
0.342317
0.0697939
0.132239
0.0743533
0.0981734
0.0593307
0.0518067
0.0956885
0.247379
0.046242
0.0908647
0.0837531
0.204921
0.0821973
0.104658
0.150872
0.0685846
0.0437112
0.0600086
0.401734
0.086645
0.131756
0.071421
0.0772766
0.133492
0.160624
0.112475
0.104416
0.0838925
0.311839
0.0610095
0.405935
0.125427
0.0870293
0.0836425
0.0670392
0.167645
0.0658174
0.0610173
0.36542
0.142876
0.0942424
0.138928
0.0585986
0.084183
0.106751
0.10885
0.0941439
0.0761725
0.211293
0.101126
0.134146
0.171128
0.153744
0.160169
0.0579436
0.05785
0.10517
0.0578116
0.0673901
0.107563
0.0815109
0.432721
0.284717
0.0992971
0.0768182
0.110696
0.278164
0.0788524
0.122846
0.0473814
0.137023
0.0642
0.199956
0.140031
0.0565959
0.0939117
0.089391
0.0634033
0.100021
0.0627953
0.0592377
0.0692683
0.0839554
0.0427189
0.0716124
0.0908133
0.174135
0.125946
0.0666582
0.0703569
0.0404218
0.0592176
0.0990598
0.0510514
0.0703312
0.158174
0.132473
0.0635714
0.125044
0.11811
0.120032
0.0687077
0.0725314
0.0477306
0.0911746
0.0790247
0.0856813
0.0726525
0.0726329
0.100834
0.0597508
0.0899192
0.0488154
0.0480698
0.0634734
0.0493287
0.0975368
0.110627
0.0944854
0.0635959
0.050346
0.0956819
0.0587536
0.291492
0.110495
0.163962
0.0887519
0.128342
0.0832016
0.179859
0.195512
0.250115
0.0664747
0.0711214
0.12452
1.3233
0.109921
0.0745498
0.075593
0.120338
0.142662
0.119416
0.139708
0.0616947
0.0660416
0.0824717
0.0610123
0.212811
0.168214
0.0614345
0.140159
0.117656
0.0529022
0.343583
0.139802
0.32967
0.0787556
0.190095
0.221298
0.199527
0.119357
0.139117
0.0751287
0.096484
0.0968363
0.0596125
0.0743442
0.102661
0.0546746
0.0832631
0.266277
0.0594709
0.0795962
0.0676302
0.0874234
0.113926
0.0904492
0.174926
0.178373
0.0709414
0.140611
0.0747293
0.152974
0.107268
0.522487
0.102085
0.0700317
0.0823491
0.0882147
0.0584157
0.106403
0.214623
0.113287
0.132898
0.125478
0.0756434
0.166656
0.108216
0.0887138
0.236629
0.0881837
0.150795
0.062811
0.182137
0.0658302
0.0693648
0.161331
0.058497
0.0974068
0.127567
0.0953342
0.152834
0.139299
0.123119
0.0820698
0.0878539
0.107151
0.199309
0.0963341
0.08753
0.688614
0.0803703
0.0423836
0.157655
0.148613
0.102127
0.184829
0.420306
0.0612267
0.0786099
0.165607
0.58833
0.0819467
0.112652
0.0700521
0.0916884
0.0992382
0.193292
0.256704
0.0946632
0.146368
0.109673
0.159187
0.0674036
0.106963
0.290295
0.0784154
0.101399
0.0865181
0.064128
0.108301
0.0989476
0.0843289
0.122179
0.0554137
0.134217
0.263478
0.0818519
0.0828964
0.150722
0.0700917
0.0571411
0.0722759
0.175675
0.0762154
0.043816
0.0933337
0.136445
0.224912
0.162825
0.209428
0.203933
0.0686028
0.103338
0.0991655
0.0758667
0.108272
0.065813
0.242316
0.161777
0.275641
0.0671617
0.130176
0.243827
0.113764
0.0748472
0.0600171
0.0570158
0.0629829
0.0690906
0.0626058
0.0596997
0.123583
0.149197
0.198405
0.0476952
0.0889398
0.0811127
0.102355
0.154993
0.0644783
0.0780619
0.106595
0.0700668
0.165623
0.0947935
0.340691
0.104147
0.0727973
0.0955215
0.0498296
0.123252
0.399114
0.0602762
0.0697061
0.166767
0.106839
0.0622761
0.113975
0.0695566
0.115819
0.282978
0.0888068
0.121684
0.0781346
0.123423
0.499818
0.0627593
0.057805
0.0513749
0.0558309
0.101019
0.357906
0.048734
0.0811315
0.066865
0.181965
0.260123
0.162314
0.111033
0.0762998
0.0590426
0.130513
0.619147
0.0861833
0.980719
0.135798
0.0613614
0.103153
0.0985805
0.0590027
0.182964
0.0716077
0.086758
0.112897
0.132335
0.149311
0.367456
0.0676478
0.0704648
0.497021
0.280496
0.0989512
0.0498571
0.199134
0.103206
0.119671
0.153174
0.153958
0.153866
0.0417571
0.0936679
0.0985971
0.0535693
0.0857885
0.0639628
0.0793585
0.0371575
0.338792
0.044705
0.0664364
0.103124
0.111665
0.0892867
0.095787
0.124821
0.0650019
0.066198
0.0774335
0.0954493
0.111882
0.182179
0.110705
0.0706367
0.0734796
0.0407114
0.228379
0.111754
0.197272
0.077257
0.106059
0.0900722
0.0672269
0.0998036
0.263181
0.0734215
0.202784
0.106063
0.130046
0.0849
0.0749631
0.205805
0.126145
0.190695
0.0850461
0.0837865
0.0992087
0.0969876
0.138106
0.154523
0.046278
0.516067
0.050487
0.295096
0.121771
0.108692
0.0952473
0.0450222
0.118815
0.0643562
0.118731
0.078684
0.0957617
0.0865777
0.0713054
0.0684638
0.0978627
0.0616221
0.0848258
0.420523
0.100002
0.335481
0.0962294
0.319007
0.109054
0.0513723
0.44312
0.276369
0.0654107
0.113884
0.0465848
0.0695176
0.248218
0.0597151
0.0518873
0.173737
0.0830185
0.125311
0.380738
0.0590888
0.128301
0.201606
0.0556537
0.120527
0.12861
0.112445
0.113434
0.146681
0.0990452
0.0852109
0.050066
0.268479
0.0608732
0.286468
0.119909
0.131702
0.0605291
0.0712601
0.203859
0.0772855
0.115919
0.062511
0.177537
0.11159
0.162013
0.0726451
0.0834664
0.0631085
0.106689
0.0500393
0.30693
0.214742
0.215941
0.152191
0.0932606
0.135512
0.209511
0.118314
0.0509183
0.0442279
0.132358
0.0472008
0.185321
0.0977074
0.0913023
0.0755415
0.0760958
0.0592743
0.175066
0.128233
0.110371
0.237001
0.0824594
0.0897936
0.147278
0.0643266
0.0655388
0.0686226
0.135087
0.0740444
0.246937
0.121031
0.214584
0.202796
0.149157
0.0753898
0.0471898
0.161352
0.0805744
0.10837
0.0973971
0.719647
0.125637
0.125752
0.0486426
0.109634
0.112382
0.441582
0.425634
0.110007
0.264363
0.0646103
0.100109
0.096842
0.0866776
0.0649195
0.0762005
0.477011
0.0650209
0.123935
0.0614706
0.134735
0.0886109
0.093645
0.11654
0.250821
0.238009
0.131621
0.039317
0.123648
0.0973733
0.0884153
0.174671
0.0437517
0.252148
0.0649224
0.113011
0.115875
0.0764802
0.0910696
0.124441
0.121507
0.126145
0.195361
0.666663
0.154363
0.151557
0.273073
0.0991949
0.12741
0.118116
0.152235
0.063708
0.131466
0.159721
0.0970311
0.129167
0.0743977
0.324103
0.0666973
0.0793723
0.0985678
0.0677388
0.0793234
0.0883605
0.0910507
0.0899088
0.0942919
0.214009
0.0869724
0.161014
0.101061
0.695897
0.100451
0.142136
0.118234
0.418485
0.131356
0.108125
0.0939693
0.289876
0.169276
0.113989
0.125625
0.11823
0.0457748
0.104978
0.0891872
0.125576
3.58203
0.126079
0.113584
0.101154
0.0715761
0.100111
0.0663049
0.115456
0.141714
0.180238
0.10997
0.0962458
0.0639519
0.115366
0.0883339
0.0973102
0.120802
0.0975732
0.230186
0.106024
0.187053
0.137782
0.179347
0.164172
0.201582
0.176013
0.24557
0.194381
0.119333
0.089996
0.0745998
0.0940922
0.105917
0.226797
0.119917
0.063723
0.119899
0.172517
0.154852
0.141054
0.0473198
0.0485079
0.0976501
0.129471
0.134473
0.281324
0.0639675
0.0896835
0.207766
0.0675008
0.286781
0.118532
0.0737709
0.149028
0.102758
0.106158
0.1228
0.0989838
0.145537
0.154346
0.164537
0.141377
0.0915171
0.0668137
0.0845772
0.0588655
0.143552
0.107011
0.297956
0.255346
0.0674516
0.135886
0.420857
0.287062
0.12988
0.1174
0.210962
0.0785921
0.102348
0.0505345
0.0746547
0.202415
0.0837135
0.0873731
0.231184
0.204922
0.370838
0.0840815
0.0743608
0.138607
0.647843
0.0565072
0.1414
0.0526384
0.0837853
0.0553436
0.591981
0.069148
0.112779
0.105873
0.409335
0.157009
0.055117
0.0968409
0.0756768
0.240274
0.237392
0.105748
0.25559
0.118811
0.282885
0.105802
0.594963
0.857688
0.0453818
0.119922
0.327373
0.162518
0.0562609
0.124779
0.142111
0.0724104
0.0694781
0.126384
0.0899204
0.0922036
0.112565
0.0530639
0.0691425
0.0974023
0.0388878
0.270263
0.503224
0.189409
0.0608393
0.0650213
0.209765
0.150389
0.117563
0.104812
0.0881615
0.201148
0.154323
0.109873
0.0995149
0.159988
0.0501916
0.225179
0.0768166
0.189699
0.099195
0.0729223
0.175727
0.167006
0.318509
0.118156
0.111462
0.0753315
0.0586465
0.125558
0.0701746
0.131518
0.0691628
0.073781
0.167481
0.335691
0.132769
0.0834997
0.0807828
0.168306
0.158875
0.111871
0.0948229
0.065338
0.410855
0.109167
0.0941803
0.0506254
0.119244
0.0922726
0.0632452
0.0780003
0.113914
0.155022
0.0524646
0.142074
0.107637
0.139016
0.117907
0.275334
0.117198
0.0863238
0.0863238
0.0874305
0.0703413
0.0527939
0.214292
0.315793
0.0584263
0.0784613
0.0805598
0.0560957
0.115877
0.111567
0.223018
0.0846049
0.148241
0.116684
0.0459471
0.117911
0.119711
0.0461285
0.179063
0.115624
0.0569147
0.120129
0.0794932
0.0501901
0.10417
0.0878131
0.169137
0.115118
0.0919749
0.111301
0.135884
0.0864977
0.311551
0.0808784
0.0764511
0.0876581
0.844529
0.230041
0.0613861
0.114751
0.141192
0.0981693
0.0778444
0.228958
0.0771654
0.0843998
0.100566
0.0818654
0.127583
0.170754
0.0682217
0.0788692
0.101257
0.0790742
0.125852
0.125852
0.10884
0.112611
0.0966902
0.908644
0.0596134
0.0602839
0.105206
0.0701797
0.128811
0.127475
0.0938618
0.659727
0.199639
0.207819
0.0801841
0.0729001
0.185521
0.217951
0.0495001
0.138421
0.138421
0.114474
0.158682
0.0763471
0.0567962
0.0784844
0.212742
0.0618411
0.0827314
0.0645958
0.0744558
0.460458
0.227152
0.338854
0.224972
0.227083
0.068827
0.100579
0.14089
0.069995
0.522573
0.132014
0.112537
0.0526977
0.0648317
0.0648317
0.102978
0.189774
0.0545545
0.156296
0.166018
0.0544081
0.105941
0.063669
0.13682
0.106345
0.0533394
0.277293
0.0949802
0.114669
0.0860978
0.151646
0.0735387
0.133469
0.0862336
0.155101
0.0966621
0.201513
0.13922
0.183233
0.0737279
0.0794016
0.683624
0.206111
0.098657
0.141341
0.0893583
0.141341
0.0884699
0.164565
0.281817
0.223854
0.0547859
0.0981874
0.104632
0.60173
0.0800513
0.181917
0.100848
0.0858034
0.122178
0.139035
0.118784
0.290015
0.306632
0.05425
0.14263
0.16604
0.0886805
0.0530671
0.0913858
0.375124
0.207842
0.141038
0.0720617
0.103632
0.0968705
0.113484
0.150661
0.067106
0.0613758
0.116884
0.0514813
1.14786
0.0654825
0.100197
0.137921
0.134066
0.0746439
0.0721802
0.222026
0.0526515
0.0830089
0.242922
0.148491
0.192968
0.146858
0.0527152
0.105359
0.0813302
0.10152
0.650074
0.140125
0.125036
0.206307
0.0786524
0.0728961
0.111572
0.0698986
0.229079
0.109104
0.229079
0.0912021
0.0351995
0.102951
0.0531424
0.124202
0.0823256
0.0823709
0.16559
0.0986982
0.189797
0.170496
0.0677707
0.193735
0.123936
0.343958
0.144894
0.318839
0.12614
0.101982
0.288362
0.0578973
0.178992
0.229158
0.0447088
0.0547392
0.0757206
0.0835836
0.165116
0.0604804
0.0779885
0.227857
0.0456802
0.0992721
0.182129
0.158933
0.200842
0.0667622
0.0535313
0.12091
0.0976445
0.129873
0.0922644
0.132379
0.114605
0.0712331
0.0766785
0.107269
0.107854
0.266298
0.081048
0.2043
0.97433
0.313358
0.174762
0.0859651
0.0631853
0.0711011
0.0563008
0.0784355
0.079378
0.129561
0.0631791
0.0470805
0.243173
0.150465
0.311981
0.148496
0.128906
0.0662197
0.115065
0.0633643
0.0627667
0.11131
0.151806
0.349031
0.189997
0.0674032
0.0863028
0.124049
0.107113
0.375656
0.105954
0.0782787
0.0879408
0.107289
0.140592
0.126851
0.0569056
0.301111
0.174541
0.410217
0.179083
0.132873
0.111203
0.220207
0.150785
0.0663961
0.0883526
0.0830755
0.0924245
0.0648871
0.11588
0.0542732
0.087811
0.1066
0.184075
0.184075
0.156529
0.0784633
0.0710152
0.0685139
0.0881818
0.125357
0.0532407
0.172489
0.118726
0.105109
0.14812
0.119744
0.0793876
0.129588
0.0911918
0.0955813
0.106488
0.150431
0.228228
0.417351
0.268294
0.135112
0.113187
0.149059
0.186524
0.144745
0.0643809
0.0976055
0.113996
0.365308
0.143524
0.055515
0.0578407
0.137305
0.153393
0.0464029
0.118313
0.0845104
0.123115
0.0836642
0.248828
0.318839
0.0921326
0.110607
0.102326
0.170633
0.850022
0.300114
0.0805766
0.100409
0.149331
0.0830812
0.179858
0.0627234
0.0998041
0.0749847
0.0645659
0.0497018
0.122548
0.119911
0.0491274
0.18288
0.102203
0.0793482
0.0943113
0.130509
0.0639569
0.149432
0.0649331
0.232962
0.149195
0.0716843
0.190467
0.122083
0.15551
0.0506124
0.227686
0.0982606
0.626106
1.30309
0.0939721
0.132313
0.142262
0.138897
0.317167
0.0807977
0.0860682
0.123655
0.0540362
0.03995
0.332082
0.0585653
0.143953
0.132597
0.0958258
0.207579
0.182832
0.245959
0.058234
0.043037
0.190341
0.0862108
0.0819237
0.067884
0.139675
0.294327
0.115363
0.118383
0.0538727
0.124972
0.544418
0.0990875
0.0402103
0.265489
0.0850887
0.753713
0.17603
0.111631
0.222059
0.178114
0.153473
0.123904
0.081885
0.066341
0.0686265
0.0606148
0.0892173
0.0700009
0.0820682
0.926297
0.0743925
0.104604
0.154836
0.124913
0.0878074
0.108125
0.128953
0.302409
0.0656365
0.104085
0.168436
0.057276
0.130812
0.0992346
0.193774
0.108551
0.0774245
0.214484
0.0998257
0.11269
0.1238
0.0443286
0.111335
0.0668896
0.0924923
0.218473
0.244804
0.211612
0.0836101
0.101249
0.148896
0.101823
0.104952
0.116033
0.0607043
0.0755107
0.0702992
0.299622
0.100066
0.0887755
0.0683039
0.0616859
0.0477403
0.175768
0.102133
0.0978836
0.146086
0.0579509
0.107926
0.135255
0.0678845
0.136226
0.672214
0.0859275
0.546523
0.115812
0.206805
0.20693
0.0738598
0.10594
0.0498711
0.12921
0.11515
0.113496
0.0593583
0.068334
0.0701959
0.0814222
0.064669
0.149805
0.0927999
0.0666933
0.21369
0.130106
0.201148
0.0896771
0.222244
0.0897489
0.0940978
0.152442
0.112169
0.103376
0.0946174
0.0824201
0.0743174
0.398455
0.0936232
0.202235
0.0459851
0.0590903
0.0797437
0.067056
0.171572
0.0894089
0.0625586
0.176131
0.0592178
0.206841
0.127642
0.129945
0.138091
0.137734
0.0670909
0.0917948
0.0968523
0.0827554
0.140542
0.103423
0.380122
0.057975
0.0746232
0.241301
0.16113
0.118182
0.0521206
0.0727908
0.0419432
0.141381
0.101718
0.0629846
0.0978502
0.0935284
0.0900696
0.153217
0.428425
0.105074
0.248786
0.0740259
0.101079
0.135172
0.193845
0.131544
0.204101
0.0586932
0.0948146
0.236206
0.540185
0.0670708
0.05744
0.0853816
0.214701
0.0500151
0.0727428
0.0757072
0.0939715
0.16254
0.0776352
0.0912875
0.0778409
0.040514
0.235304
0.0716898
0.109377
0.0889106
0.0890985
0.0785559
0.264071
0.194325
0.09273
0.0652758
0.227172
0.0897928
0.0903241
0.625835
0.0992282
0.0829951
0.14741
0.149643
0.0714709
0.182081
0.0876069
0.483921
0.0620251
0.158347
0.135074
0.055222
0.10882
0.242091
0.0941625
0.150833
0.197048
0.105694
0.0684607
0.0613211
0.0860716
0.16661
0.192264
0.170732
0.236
0.452827
0.086594
0.101451
0.0675552
0.0615756
0.095736
0.116539
0.0854322
0.307641
0.173451
0.0499208
0.137432
0.0983707
0.104898
0.0978899
0.185737
0.138993
0.217955
0.0709987
0.122065
0.0899461
0.176975
0.520771
0.0522977
0.277593
0.0810217
0.35789500.1052630.06315790.1578950.1842110.07368420.005263160.02631580.2157890.04736840.3368420.01578950.1315790.02105260.08947370.03157890.005263160.03684210.2157890.02105260.06315790.02631580.2947370.02631580.04210530.1631580000.70526300.1157890.03157890.02631580.06315790.2210530.1157890.04736840.02105260.4894740.03684210.6210530.1157890.06315790.010526300.2105260.0052631600.5368420.1684210.02105260.12105300.02631580.04736840.1315790.057894700.30.03684210.1473680.3631580.20.1263160.015789500.089473700.01052630.05263160.02105260.4684210.3473680.03684210.01578950.06842110.2157890.03157890.10526300.1315790.03684210.3842110.1947370.04210530.04210530.04736840.005263160.05263160.01578950.005263160.01052630.005263160.005263160.005263160.05263160.3263160.07894740.031578900.0052631600.036842100.01052630.2368420.11578900.1421050.07894740.1052630.01052630.015789500.01578950.02631580.03684210.03157890.02631580.036842100.03157890.0052631600.015789500.04736840.07894740.06842110.015789500.052631600.3315790.01052630.1894740.01578950.1473680.01578950.2263160.20.3105260.03157890.01052630.1105260.9789470.08421050.02105260.01578950.08947370.1736840.08421050.1210530.021052600.02631580.01052630.4894740.23157900.1631580.1052630.02105260.3842110.1315790.3736840.03684210.3421050.3210530.2315790.1736840.1526320.005263160.005263160.06315790.02105260.01052630.026315800.02105260.6368420.01578950.04210530.026315800.1210530.02105260.1263160.1842110.02631580.1368420.01578950.2473680.1105260.90.05789470.04210530.01578950.01578950.005263160.05789470.2894740.10.2210530.1052630.01578950.2052630.06315790.01578950.3684210.03157890.1473680.005263160.1736840.03157890.005263160.23157900.02105260.1157890.03157890.1578950.1421050.07368420.03157890.04736840.04736840.3947370.05263160.03157890.4736840.036842100.2105260.1526320.09473680.3894740.56842100.03157890.2894740.8789470.01052630.08421050.02105260.02105260.05789470.3052630.4894740.07368420.1736840.07368420.24210500.04210530.4263160.01052630.06842110.02631580.005263160.05263160.08421050.05263160.06842110.005263160.1368420.3631580.01052630.05789470.2263160.01052630.005263160.02105260.2105260.01578950.005263160.06842110.1526320.5947370.2210530.1947370.4368420.01052630.07894740.05789470.02105260.047368400.4263160.05263160.26842100.08947370.5736840.09473680.05263160.005263160.02631580.01578950.01052630.015789500.1684210.1421050.3368420.005263160.03157890.03157890.04210530.09473680.01578950.02105260.05789470.02631580.2526320.09473680.4263160.08947370.04210530.03684210.005263160.1368420.5157890.01052630.02631580.2578950.02105260.005263160.1157890.01052630.1157890.4052630.05789470.1368420.02631580.1210530.8052630.010526300.01052630.01578950.04736840.38421100.03684210.03684210.3210530.3263160.1157890.08947370.010526300.1473680.7473680.04736840.6421050.100.05789470.04210530.005263160.20526300.04736840.06315790.1631580.1157890.70.01578950.02631580.3789470.6368420.036842100.3368420.06842110.08947370.1631580.1368420.14210500.07894740.03684210.005263160.03157890.01578950.031578900.53157900.03157890.07368420.05789470.06315790.06315790.10.01052630.04210530.04736840.05789470.09473680.3263160.06842110.02105260.015789500.4105260.1052630.4421050.01578950.03157890.02631580.01052630.04736840.3789470.02105260.2421050.07894740.07368420.05263160.03157890.3736840.1105260.3526320.02631580.02631580.03684210.04210530.07368420.10526300.78421100.7263160.09473680.1052630.015789500.1157890.01578950.06315790.01578950.07894740.02105260.04210530.005263160.07368420.01578950.05263160.8842110.08421050.4157890.04210530.6842110.021052600.4473680.58947400.08947370.005263160.01578950.32105300.01578950.2894740.03157890.1263160.8157890.01052630.1473680.40.005263160.1210530.1052630.07894740.06842110.1473680.10.0052631600.43157900.6578950.03157890.14736800.005263160.46842100.07894740.005263160.2315790.09473680.2473680.01052630.005263160.02105260.084210500.3105260.2947370.3368420.1789470.04736840.1263160.3263160.100.005263160.1894740.005263160.3157890.02105260.06842110000.2736840.1157890.06842110.3368420.01578950.03684210.1631580.02105260.005263160.04736840.14210500.4842110.1105260.50.2631580.20.015789500.2157890.03157890.1105260.03157890.4315790.10.06842110.01052630.05789470.10.4105260.5263160.05789470.50.02631580.02105260.05263160.03157890.005263160.03157890.5473680.005263160.084210500.1526320.005263160.02631580.1157890.3315790.4473680.13684200.1263160.07368420.01578950.30526300.20526300.1263160.078947400.06315790.06842110.1263160.08947370.3842110.60.2578950.1526320.2947370.07368420.08421050.06842110.06842110.01578950.08947370.2684210.02105260.15263200.4473680.005263160.02631580.03157890.02631580.01578950.05263160.05263160.03157890.03684210.4105260.02105260.2210530.02105260.8578950.03684210.1157890.08947370.9526320.1421050.005263160.04736840.4578950.2052630.09473680.1315790.10526300.08947370.02105260.10.90.1052630.1210530.063157900.02105260.01578950.07894740.2368420.3210530.04736840.04736840.03157890.1052630.06315790.03684210.1526320.07894740.4789470.03684210.3315790.1789470.2578950.1736840.4631580.2684210.6263160.3315790.1210530.03157890.01052630.04736840.09473680.40.03157890.005263160.1368420.2842110.2210530.1842110.010526300.05789470.1421050.1315790.4947370.02631580.02105260.4315790.01052630.6315790.1052630.03157890.1631580.04736840.08421050.1684210.06842110.1421050.2473680.2105260.1631580.03157890.005263160.015789500.1473680.1052630.5684210.3421050.01578950.10.4421050.2736840.1368420.06315790.2947370.04210530.015789500.02631580.3631580.03684210.05263160.1789470.4631580.3842110.01052630.02105260.1105260.77368400.17368400.04210530.005263160.5894740.03684210.07894740.1157890.3526320.1105260.03157890.06842110.02105260.2526320.5263160.05263160.5736840.1473680.5736840.03684210.5684210.69473700.1157890.5421050.2526320.03157890.06315790.1842110.02631580.02631580.03684210.03684210.04210530.021052600.01578950.03684210.01052630.6315790.5263160.394737000.3789470.1684210.06315790.05789470.04736840.3947370.1473680.08421050.05789470.25263200.1105260.005263160.3368420.04210530.01578950.2263160.2368420.5368420.10.08421050.036842100.10.03157890.1421050.01052630.02105260.2263160.5894740.1421050.01052630.01052630.2894740.2052630.03157890.036842100.2684210.09473680.08947370.01578950.06315790.03684210.015789500.07368420.22105300.1315790.03684210.1421050.1263160.3105260.07894740.02631580.02631580.01052630.036842100.2210530.6368420.03684210.04210530.02105260.01578950.1263160.02631580.4315790.05263160.1210530.1210530.01578950.08947370.12631600.2842110.07894740.01578950.07368420.052631600.06315790.04736840.2842110.1315790.02105260.05263160.1526320.04736840.30.05789470.01052630.01578950.8263160.4157890.01578950.08947370.1842110.03684210.005263160.5052630.01578950.02105260.07894740.01578950.07368420.1947370.021052600.04210530.02631580.1210530.1210530.06842110.06315790.09473680.56842100.05789470.06842110.005263160.06842110.1052630.01052630.7789470.1473680.4315790.02631580.005263160.3315790.36842100.1052630.1052630.09473680.173684000.02631580.29473700.03157890.01578950.01578950.9105260.5157890.2894740.2210530.2157890.05263160.07368420.1789470.005263160.5894740.1315790.08947370000.10.36315800.1842110.3684210.005263160.07368420.03157890.1052630.03157890.01578950.4263160.08421050.07894740.05263160.1421050.03157890.07368420.03684210.2105260.07368420.2526320.1315790.22631600.03684210.9473680.2894740.09473680.1052630.05789470.1052630.05263160.2789470.7473680.28421100.04210530.05263160.45789500.40.02631580.03157890.1105260.1157890.04736840.7210530.400.08947370.2052630.02105260.01052630.04210530.6315790.3947370.1421050.01052630.1052630.09473680.07368420.08421050.0052631600.04736840.01578950.93684200.03157890.1631580.1842110.005263160.01578950.4526320.005263160.05263160.4105260.1894740.40.10.005263160.06315790.02631580.01052630.8473680.1263160.1684210.30.03684210.03684210.09473680.01052630.2736840.1368420.2736840.036842100.047368400.1157890.02105260.04210530.1684210.06842110.3789470.09473680.01578950.3578950.1368420.70.1894740.5736840.02631580.04736840.56315800.2947370.2842110.021052600.02631580.04736840.12105300.04210530.3473680.01052630.08421050.2842110.1421050.3473680.010526300.06842110.09473680.1473680.05789470.1052630.08421050.005263160.005263160.10.08421050.6315790.05263160.1315790.5684210.5052630.2368420.02105260.0210526000.005263160.04736840.1789470.005263160.005263160.6947370.1684210.3894740.1473680.1684210.01578950.07368420.036842100.08421050.1894740.6526320.20.01578950.005263160.08947370.1052630.8052630.05263160.02631580.02631580.07894740.2157890.1052630.02105260.5315790.2736840.8789470.3052630.1368420.05789470.4210530.2052630.005263160.03684210.03157890.07894740.01052630.08421050.005263160.02631580.1052630.3157890.3157890.14210500.01052630.005263160.02631580.08947370.005263160.1842110.06315790.08421050.1263160.07894740.01578950.1473680.04736840.05263160.03684210.1947370.5421050.8736840.5789470.1210530.1105260.1578950.2263160.1315790.02105260.09473680.1210530.4105260.1736840.0052631600.1578950.2210530.005263160.10.03157890.1105260.01578950.7105260.5736840.05789470.04210530.04736840.1684210.7315790.32631600.05263160.1947370.01578950.2947370.01052630.01052630.02105260.021052600.1263160.12105300.2842110.04210530.02631580.02631580.1105260.02105260.18947400.4684210.2105260.03684210.2631580.1052630.22631600.2684210.08947370.8315790.6421050.06315790.1894740.1526320.1736840.6315790.02631580.04210530.09473680.0052631600.3894740.01052630.1631580.1315790.03684210.3578950.3157890.2736840.010526300.3842110.02105260.01578950.01052630.1526320.2105260.02105260.073684200.08947370.9736840.078947400.2894740.02631580.6421050.2684210.07894740.4578950.1736840.2157890.06842110.03684210.02105260.010526300.01578950.01578950.03684210.8684210.005263160.05263160.1789470.06842110.05789470.06315790.10.4157890.02631580.05789470.2473680.005263160.1315790.04736840.4052630.06842110.01052630.4684210.05789470.07894740.063157900.05263160.01578950.06842110.2157890.50.2052630.02631580.03157890.1842110.06315790.04210530.1263160.02105260.015789500.2315790.07894740.04210530.01578950.026315800.2894740.04210530.03684210.16842100.02105260.1473680.04210530.1105260.6263160.02105260.4473680.06315790.2842110.2631580.01578950.094736800.1473680.1315790.12105300.02105260.02631580.04210530.02105260.2526320.068421100.3894740.1368420.2526320.02105260.5210530.03157890.05263160.2105260.1157890.005263160.005263160.02631580.02105260.8421050.05789470.29473700.02631580.042105300.2105260.036842100.2421050.04210530.2578950.1578950.1052630.1842110.1157890.01052630.06315790.05263160.01578950.2368420.05263160.8421050.005263160.01052630.4894740.2421050.100.015789500.1421050.06315790.01578950.06842110.02631580.01578950.2368420.5421050.1052630.6105260.02631580.05263160.1421050.2631580.1263160.21578900.06842110.2789470.7526320.036842100.03684210.400.04736840.02105260.04210530.15789500.06315790.02105260.01578950.50526300.07894740.03684210.01578950.04210530.4578950.3842110.06315790.005263160.2631580.05263160.05263160.4315790.047368400.1736840.2105260.02105260.4263160.06315790.7052630.01578950.1894740.08947370.03157890.1052630.30.06315790.1157890.3842110.0578947000.01578950.3052630.3105260.1368420.3157890.8526320.05263160.08421050.02105260.01578950.05263160.08421050.06315790.2263160.22631600.1473680.04736840.06315790.05263160.3368420.1578950.4684210.02105260.1263160.03684210.1315790.9526320.005263160.5736840.0263158